             | 实际值 
      预测值 |         1 |         2 |         3 |         4 |         5 |         6 |         7 |         8 |         9 |        10 |        11 |        12 |        13 |        14 |        15 |        16 |        17 |        18 | Row Total | 
-------------|-----------|-----------|-----------|-----------|-----------|-----------|-----------|-----------|-----------|-----------|-----------|-----------|-----------|-----------|-----------|-----------|-----------|-----------|-----------|
           1 |        10 |         0 |         0 |         0 |         0 |         1 |         0 |         0 |         0 |         0 |         0 |         0 |         0 |         0 |         1 |         0 |         0 |         0 |        12 | 
             |     0.833 |     0.000 |     0.000 |     0.000 |     0.000 |     0.083 |     0.000 |     0.000 |     0.000 |     0.000 |     0.000 |     0.000 |     0.000 |     0.000 |     0.083 |     0.000 |     0.000 |     0.000 |     0.042 | 
             |     1.000 |     0.000 |     0.000 |     0.000 |     0.000 |     0.056 |     0.000 |     0.000 |     0.000 |     0.000 |     0.000 |     0.000 |     0.000 |     0.000 |     0.062 |     0.000 |     0.000 |     0.000 |           | 
-------------|-----------|-----------|-----------|-----------|-----------|-----------|-----------|-----------|-----------|-----------|-----------|-----------|-----------|-----------|-----------|-----------|-----------|-----------|-----------|
           2 |         0 |         3 |         0 |         0 |         0 |         0 |         0 |         0 |         1 |         0 |         0 |         0 |         0 |         0 |         0 |         0 |         0 |         0 |         4 | 
             |     0.000 |     0.750 |     0.000 |     0.000 |     0.000 |     0.000 |     0.000 |     0.000 |     0.250 |     0.000 |     0.000 |     0.000 |     0.000 |     0.000 |     0.000 |     0.000 |     0.000 |     0.000 |     0.014 | 
             |     0.000 |     0.750 |     0.000 |     0.000 |     0.000 |     0.000 |     0.000 |     0.000 |     0.056 |     0.000 |     0.000 |     0.000 |     0.000 |     0.000 |     0.000 |     0.000 |     0.000 |     0.000 |           | 
-------------|-----------|-----------|-----------|-----------|-----------|-----------|-----------|-----------|-----------|-----------|-----------|-----------|-----------|-----------|-----------|-----------|-----------|-----------|-----------|
           3 |         0 |         1 |        20 |         0 |         0 |         0 |         0 |         0 |         0 |         0 |         0 |         0 |         0 |         0 |         0 |         0 |         0 |         1 |        22 | 
             |     0.000 |     0.045 |     0.909 |     0.000 |     0.000 |     0.000 |     0.000 |     0.000 |     0.000 |     0.000 |     0.000 |     0.000 |     0.000 |     0.000 |     0.000 |     0.000 |     0.000 |     0.045 |     0.077 | 
             |     0.000 |     0.250 |     0.952 |     0.000 |     0.000 |     0.000 |     0.000 |     0.000 |     0.000 |     0.000 |     0.000 |     0.000 |     0.000 |     0.000 |     0.000 |     0.000 |     0.000 |     0.048 |           | 
-------------|-----------|-----------|-----------|-----------|-----------|-----------|-----------|-----------|-----------|-----------|-----------|-----------|-----------|-----------|-----------|-----------|-----------|-----------|-----------|
           4 |         0 |         0 |         0 |         4 |         0 |         0 |         0 |         0 |         0 |         0 |         0 |         0 |         0 |         0 |         0 |         0 |         0 |         0 |         4 | 
             |     0.000 |     0.000 |     0.000 |     1.000 |     0.000 |     0.000 |     0.000 |     0.000 |     0.000 |     0.000 |     0.000 |     0.000 |     0.000 |     0.000 |     0.000 |     0.000 |     0.000 |     0.000 |     0.014 | 
             |     0.000 |     0.000 |     0.000 |     0.800 |     0.000 |     0.000 |     0.000 |     0.000 |     0.000 |     0.000 |     0.000 |     0.000 |     0.000 |     0.000 |     0.000 |     0.000 |     0.000 |     0.000 |           | 
-------------|-----------|-----------|-----------|-----------|-----------|-----------|-----------|-----------|-----------|-----------|-----------|-----------|-----------|-----------|-----------|-----------|-----------|-----------|-----------|
           5 |         0 |         0 |         0 |         1 |         2 |         0 |         0 |         0 |         0 |         0 |         0 |         0 |         0 |         0 |         0 |         0 |         0 |         0 |         3 | 
             |     0.000 |     0.000 |     0.000 |     0.333 |     0.667 |     0.000 |     0.000 |     0.000 |     0.000 |     0.000 |     0.000 |     0.000 |     0.000 |     0.000 |     0.000 |     0.000 |     0.000 |     0.000 |     0.010 | 
             |     0.000 |     0.000 |     0.000 |     0.200 |     1.000 |     0.000 |     0.000 |     0.000 |     0.000 |     0.000 |     0.000 |     0.000 |     0.000 |     0.000 |     0.000 |     0.000 |     0.000 |     0.000 |           | 
-------------|-----------|-----------|-----------|-----------|-----------|-----------|-----------|-----------|-----------|-----------|-----------|-----------|-----------|-----------|-----------|-----------|-----------|-----------|-----------|
           6 |         0 |         0 |         0 |         0 |         0 |        17 |         0 |         0 |         0 |         0 |         0 |         0 |         0 |         0 |         0 |         0 |         0 |         0 |        17 | 
             |     0.000 |     0.000 |     0.000 |     0.000 |     0.000 |     1.000 |     0.000 |     0.000 |     0.000 |     0.000 |     0.000 |     0.000 |     0.000 |     0.000 |     0.000 |     0.000 |     0.000 |     0.000 |     0.059 | 
             |     0.000 |     0.000 |     0.000 |     0.000 |     0.000 |     0.944 |     0.000 |     0.000 |     0.000 |     0.000 |     0.000 |     0.000 |     0.000 |     0.000 |     0.000 |     0.000 |     0.000 |     0.000 |           | 
-------------|-----------|-----------|-----------|-----------|-----------|-----------|-----------|-----------|-----------|-----------|-----------|-----------|-----------|-----------|-----------|-----------|-----------|-----------|-----------|
           7 |         0 |         0 |         0 |         0 |         0 |         0 |        23 |         0 |         0 |         0 |         0 |         0 |         0 |         0 |         0 |         0 |         0 |         0 |        23 | 
             |     0.000 |     0.000 |     0.000 |     0.000 |     0.000 |     0.000 |     1.000 |     0.000 |     0.000 |     0.000 |     0.000 |     0.000 |     0.000 |     0.000 |     0.000 |     0.000 |     0.000 |     0.000 |     0.080 | 
             |     0.000 |     0.000 |     0.000 |     0.000 |     0.000 |     0.000 |     0.958 |     0.000 |     0.000 |     0.000 |     0.000 |     0.000 |     0.000 |     0.000 |     0.000 |     0.000 |     0.000 |     0.000 |           | 
-------------|-----------|-----------|-----------|-----------|-----------|-----------|-----------|-----------|-----------|-----------|-----------|-----------|-----------|-----------|-----------|-----------|-----------|-----------|-----------|
           8 |         0 |         0 |         0 |         0 |         0 |         0 |         0 |        17 |         0 |         0 |         0 |         0 |         0 |         0 |         0 |         0 |         0 |         0 |        17 | 
             |     0.000 |     0.000 |     0.000 |     0.000 |     0.000 |     0.000 |     0.000 |     1.000 |     0.000 |     0.000 |     0.000 |     0.000 |     0.000 |     0.000 |     0.000 |     0.000 |     0.000 |     0.000 |     0.059 | 
             |     0.000 |     0.000 |     0.000 |     0.000 |     0.000 |     0.000 |     0.000 |     0.895 |     0.000 |     0.000 |     0.000 |     0.000 |     0.000 |     0.000 |     0.000 |     0.000 |     0.000 |     0.000 |           | 
-------------|-----------|-----------|-----------|-----------|-----------|-----------|-----------|-----------|-----------|-----------|-----------|-----------|-----------|-----------|-----------|-----------|-----------|-----------|-----------|
           9 |         0 |         0 |         0 |         0 |         0 |         0 |         0 |         0 |        17 |         0 |         0 |         0 |         0 |         0 |         0 |         0 |         0 |         0 |        17 | 
             |     0.000 |     0.000 |     0.000 |     0.000 |     0.000 |     0.000 |     0.000 |     0.000 |     1.000 |     0.000 |     0.000 |     0.000 |     0.000 |     0.000 |     0.000 |     0.000 |     0.000 |     0.000 |     0.059 | 
             |     0.000 |     0.000 |     0.000 |     0.000 |     0.000 |     0.000 |     0.000 |     0.000 |     0.944 |     0.000 |     0.000 |     0.000 |     0.000 |     0.000 |     0.000 |     0.000 |     0.000 |     0.000 |           | 
-------------|-----------|-----------|-----------|-----------|-----------|-----------|-----------|-----------|-----------|-----------|-----------|-----------|-----------|-----------|-----------|-----------|-----------|-----------|-----------|
          10 |         0 |         0 |         0 |         0 |         0 |         0 |         0 |         1 |         0 |        21 |         0 |         0 |         0 |         0 |         0 |         0 |         0 |         0 |        22 | 
             |     0.000 |     0.000 |     0.000 |     0.000 |     0.000 |     0.000 |     0.000 |     0.045 |     0.000 |     0.955 |     0.000 |     0.000 |     0.000 |     0.000 |     0.000 |     0.000 |     0.000 |     0.000 |     0.077 | 
             |     0.000 |     0.000 |     0.000 |     0.000 |     0.000 |     0.000 |     0.000 |     0.053 |     0.000 |     1.000 |     0.000 |     0.000 |     0.000 |     0.000 |     0.000 |     0.000 |     0.000 |     0.000 |           | 
-------------|-----------|-----------|-----------|-----------|-----------|-----------|-----------|-----------|-----------|-----------|-----------|-----------|-----------|-----------|-----------|-----------|-----------|-----------|-----------|
          11 |         0 |         0 |         0 |         0 |         0 |         0 |         0 |         0 |         0 |         0 |        21 |         0 |         0 |         0 |         0 |         0 |         0 |         0 |        21 | 
             |     0.000 |     0.000 |     0.000 |     0.000 |     0.000 |     0.000 |     0.000 |     0.000 |     0.000 |     0.000 |     1.000 |     0.000 |     0.000 |     0.000 |     0.000 |     0.000 |     0.000 |     0.000 |     0.073 | 
             |     0.000 |     0.000 |     0.000 |     0.000 |     0.000 |     0.000 |     0.000 |     0.000 |     0.000 |     0.000 |     0.955 |     0.000 |     0.000 |     0.000 |     0.000 |     0.000 |     0.000 |     0.000 |           | 
-------------|-----------|-----------|-----------|-----------|-----------|-----------|-----------|-----------|-----------|-----------|-----------|-----------|-----------|-----------|-----------|-----------|-----------|-----------|-----------|
          12 |         0 |         0 |         0 |         0 |         0 |         0 |         0 |         0 |         0 |         0 |         0 |        25 |         0 |         0 |         0 |         0 |         0 |         0 |        25 | 
             |     0.000 |     0.000 |     0.000 |     0.000 |     0.000 |     0.000 |     0.000 |     0.000 |     0.000 |     0.000 |     0.000 |     1.000 |     0.000 |     0.000 |     0.000 |     0.000 |     0.000 |     0.000 |     0.087 | 
             |     0.000 |     0.000 |     0.000 |     0.000 |     0.000 |     0.000 |     0.000 |     0.000 |     0.000 |     0.000 |     0.000 |     1.000 |     0.000 |     0.000 |     0.000 |     0.000 |     0.000 |     0.000 |           | 
-------------|-----------|-----------|-----------|-----------|-----------|-----------|-----------|-----------|-----------|-----------|-----------|-----------|-----------|-----------|-----------|-----------|-----------|-----------|-----------|
          13 |         0 |         0 |         0 |         0 |         0 |         0 |         0 |         0 |         0 |         0 |         0 |         0 |         1 |         0 |         0 |         0 |         0 |         0 |         1 | 
             |     0.000 |     0.000 |     0.000 |     0.000 |     0.000 |     0.000 |     0.000 |     0.000 |     0.000 |     0.000 |     0.000 |     0.000 |     1.000 |     0.000 |     0.000 |     0.000 |     0.000 |     0.000 |     0.003 | 
             |     0.000 |     0.000 |     0.000 |     0.000 |     0.000 |     0.000 |     0.000 |     0.000 |     0.000 |     0.000 |     0.000 |     0.000 |     1.000 |     0.000 |     0.000 |     0.000 |     0.000 |     0.000 |           | 
-------------|-----------|-----------|-----------|-----------|-----------|-----------|-----------|-----------|-----------|-----------|-----------|-----------|-----------|-----------|-----------|-----------|-----------|-----------|-----------|
          14 |         0 |         0 |         0 |         0 |         0 |         0 |         0 |         0 |         0 |         0 |         0 |         0 |         0 |        21 |         0 |         0 |         0 |         0 |        21 | 
             |     0.000 |     0.000 |     0.000 |     0.000 |     0.000 |     0.000 |     0.000 |     0.000 |     0.000 |     0.000 |     0.000 |     0.000 |     0.000 |     1.000 |     0.000 |     0.000 |     0.000 |     0.000 |     0.073 | 
             |     0.000 |     0.000 |     0.000 |     0.000 |     0.000 |     0.000 |     0.000 |     0.000 |     0.000 |     0.000 |     0.000 |     0.000 |     0.000 |     0.955 |     0.000 |     0.000 |     0.000 |     0.000 |           | 
-------------|-----------|-----------|-----------|-----------|-----------|-----------|-----------|-----------|-----------|-----------|-----------|-----------|-----------|-----------|-----------|-----------|-----------|-----------|-----------|
          15 |         0 |         0 |         0 |         0 |         0 |         0 |         0 |         0 |         0 |         0 |         0 |         0 |         0 |         0 |        15 |         0 |         0 |         0 |        15 | 
             |     0.000 |     0.000 |     0.000 |     0.000 |     0.000 |     0.000 |     0.000 |     0.000 |     0.000 |     0.000 |     0.000 |     0.000 |     0.000 |     0.000 |     1.000 |     0.000 |     0.000 |     0.000 |     0.052 | 
             |     0.000 |     0.000 |     0.000 |     0.000 |     0.000 |     0.000 |     0.000 |     0.000 |     0.000 |     0.000 |     0.000 |     0.000 |     0.000 |     0.000 |     0.938 |     0.000 |     0.000 |     0.000 |           | 
-------------|-----------|-----------|-----------|-----------|-----------|-----------|-----------|-----------|-----------|-----------|-----------|-----------|-----------|-----------|-----------|-----------|-----------|-----------|-----------|
          16 |         0 |         0 |         0 |         0 |         0 |         0 |         0 |         0 |         0 |         0 |         0 |         0 |         0 |         0 |         0 |        16 |         0 |         0 |        16 | 
             |     0.000 |     0.000 |     0.000 |     0.000 |     0.000 |     0.000 |     0.000 |     0.000 |     0.000 |     0.000 |     0.000 |     0.000 |     0.000 |     0.000 |     0.000 |     1.000 |     0.000 |     0.000 |     0.056 | 
             |     0.000 |     0.000 |     0.000 |     0.000 |     0.000 |     0.000 |     0.000 |     0.000 |     0.000 |     0.000 |     0.000 |     0.000 |     0.000 |     0.000 |     0.000 |     1.000 |     0.000 |     0.000 |           | 
-------------|-----------|-----------|-----------|-----------|-----------|-----------|-----------|-----------|-----------|-----------|-----------|-----------|-----------|-----------|-----------|-----------|-----------|-----------|-----------|
          17 |         0 |         0 |         0 |         0 |         0 |         0 |         1 |         0 |         0 |         0 |         0 |         0 |         0 |         0 |         0 |         0 |        22 |         0 |        23 | 
             |     0.000 |     0.000 |     0.000 |     0.000 |     0.000 |     0.000 |     0.043 |     0.000 |     0.000 |     0.000 |     0.000 |     0.000 |     0.000 |     0.000 |     0.000 |     0.000 |     0.957 |     0.000 |     0.080 | 
             |     0.000 |     0.000 |     0.000 |     0.000 |     0.000 |     0.000 |     0.042 |     0.000 |     0.000 |     0.000 |     0.000 |     0.000 |     0.000 |     0.000 |     0.000 |     0.000 |     1.000 |     0.000 |           | 
-------------|-----------|-----------|-----------|-----------|-----------|-----------|-----------|-----------|-----------|-----------|-----------|-----------|-----------|-----------|-----------|-----------|-----------|-----------|-----------|
          18 |         0 |         0 |         1 |         0 |         0 |         0 |         0 |         1 |         0 |         0 |         1 |         0 |         0 |         1 |         0 |         0 |         0 |        20 |        24 | 
             |     0.000 |     0.000 |     0.042 |     0.000 |     0.000 |     0.000 |     0.000 |     0.042 |     0.000 |     0.000 |     0.042 |     0.000 |     0.000 |     0.042 |     0.000 |     0.000 |     0.000 |     0.833 |     0.084 | 
             |     0.000 |     0.000 |     0.048 |     0.000 |     0.000 |     0.000 |     0.000 |     0.053 |     0.000 |     0.000 |     0.045 |     0.000 |     0.000 |     0.045 |     0.000 |     0.000 |     0.000 |     0.952 |           | 
-------------|-----------|-----------|-----------|-----------|-----------|-----------|-----------|-----------|-----------|-----------|-----------|-----------|-----------|-----------|-----------|-----------|-----------|-----------|-----------|
Column Total |        10 |         4 |        21 |         5 |         2 |        18 |        24 |        19 |        18 |        21 |        22 |        25 |         1 |        22 |        16 |        16 |        22 |        21 |       287 | 
             |     0.035 |     0.014 |     0.073 |     0.017 |     0.007 |     0.063 |     0.084 |     0.066 |     0.063 |     0.073 |     0.077 |     0.087 |     0.003 |     0.077 |     0.056 |     0.056 |     0.077 |     0.073 |           | 
-------------|-----------|-----------|-----------|-----------|-----------|-----------|-----------|-----------|-----------|-----------|-----------|-----------|-----------|-----------|-----------|-----------|-----------|-----------|-----------|