=======================================================
Summary
-------------------------------------------------------
Correctly Classified Instances          :       2865	   97.8484%
Incorrectly Classified Instances        :         63	    2.1516%
Total Classified Instances              :       2928

=======================================================
Confusion Matrix
-------------------------------------------------------
a    	b    	c    	d    	e    	f    	g    	h    	i    	j    	k    	l    	m    	n    	o    	p    	q    	r    	<--Classified as
189  	0    	0    	0    	0    	0    	0    	0    	0    	0    	0    	0    	2    	0    	4    	0    	1    	0    	 |  196   	a     = 1
0    	169  	0    	0    	0    	0    	0    	0    	0    	0    	0    	1    	0    	0    	0    	0    	0    	1    	 |  171   	b     = 10
0    	0    	180  	0    	0    	0    	0    	0    	0    	0    	0    	0    	0    	0    	0    	0    	0    	0    	 |  180   	c     = 11
0    	0    	0    	255  	0    	0    	0    	0    	0    	0    	0    	0    	0    	0    	0    	0    	0    	0    	 |  255   	d     = 12
0    	0    	0    	0    	24   	0    	0    	0    	0    	0    	1    	0    	0    	0    	0    	0    	0    	0    	 |  25    	e     = 13
0    	0    	0    	0    	0    	179  	0    	0    	0    	0    	0    	0    	0    	0    	0    	0    	0    	0    	 |  179   	f     = 14
0    	0    	0    	0    	0    	3    	197  	0    	0    	0    	0    	0    	0    	0    	0    	0    	0    	0    	 |  200   	g     = 15
0    	0    	0    	0    	0    	0    	0    	183  	1    	0    	0    	0    	0    	1    	0    	0    	0    	0    	 |  185   	h     = 16
0    	0    	0    	0    	0    	0    	0    	6    	205  	0    	0    	0    	2    	0    	0    	0    	0    	1    	 |  214   	i     = 17
0    	0    	1    	0    	1    	0    	0    	0    	0    	209  	0    	0    	0    	0    	0    	1    	0    	0    	 |  212   	j     = 18
0    	0    	0    	0    	0    	0    	0    	0    	0    	0    	78   	0    	0    	0    	0    	0    	0    	0    	 |  78    	k     = 2
0    	0    	0    	0    	1    	0    	0    	0    	0    	0    	0    	179  	0    	0    	0    	0    	1    	0    	 |  181   	l     = 3
0    	0    	0    	0    	0    	0    	0    	0    	0    	0    	0    	0    	65   	1    	0    	0    	0    	0    	 |  66    	m     = 4
0    	0    	0    	0    	0    	0    	0    	0    	0    	0    	0    	0    	18   	12   	0    	0    	0    	0    	 |  30    	n     = 5
6    	0    	0    	0    	0    	0    	0    	0    	0    	0    	0    	0    	0    	0    	169  	1    	0    	0    	 |  176   	o     = 6
0    	0    	0    	0    	0    	0    	0    	1    	0    	0    	0    	0    	1    	0    	0    	217  	0    	0    	 |  219   	p     = 7
1    	3    	0    	0    	0    	0    	0    	0    	0    	1    	0    	0    	0    	0    	0    	0    	198  	0    	 |  203   	q     = 8
0    	0    	0    	0    	0    	0    	0    	0    	0    	0    	0    	1    	0    	0    	0    	0    	0    	157  	 |  158   	r     = 9

=======================================================
Statistics
-------------------------------------------------------
Kappa                                       0.9613
Accuracy                                   97.8484%
Reliability                                 90.129%
Reliability (standard deviation)            0.2563